1.0
0.9
0.81
0.7290000000000001
0.6561000000000001
1.0
0.9
0.81
0.7290000000000001
1.0
0.9
0.81
1.0
0.9
0.81
0.7290000000000001
0.6561000000000001
1.0
0.9
1.0
0.9
0.81
1.0
0.9
0.81
1.0
0.9
0.81
1.0
0.9
0.81
0.7290000000000001
0.6561000000000001
0.5904900000000002
1.0
0.9
0.81
1.0
0.9
0.81
1.0
0.9
0.81
0.7290000000000001
1.0
0.9
0.81
1.0
0.9
0.81
0.7290000000000001
0.6561000000000001
1.0
0.9
0.81
1.0
0.9
1.0
0.9
0.81
1.0
0.9
0.81
0.7290000000000001
0.6561000000000001
0.5904900000000002
0.5314410000000002
1.0
0.9
0.81
0.7290000000000001
0.6561000000000001
0.5904900000000002
1.0
0.9
0.81
0.7290000000000001
0.6561000000000001
0.5904900000000002
0.5314410000000002
1.0
0.9
0.81
0.7290000000000001
1.0
0.9
0.81
0.7290000000000001
1.0
0.9
0.81
0.7290000000000001
0.6561000000000001
0.5904900000000002
0.5314410000000002
1.0
0.9
0.81
1.0
0.9
0.81
1.0
0.9
0.81
0.7290000000000001
1.0
0.9
0.81
1.0
0.9
0.81
1.0
0.9
0.81
0.7290000000000001
1.0
0.9
0.81
1.0
0.9
0.81
0.7290000000000001
0.6561000000000001
0.5904900000000002
0.5314410000000002
0.47829690000000014
0.43046721000000016
0.38742048900000015
1.0
0.9
0.81
1.0
0.9
0.81
1.0
0.9
0.81
1.0
0.9
0.81
1.0
0.9
0.81
1.0
0.9
0.81
0.7290000000000001
1.0
0.9
0.81
1.0
0.9
0.81
0.7290000000000001
1.0
0.9
0.81
0.7290000000000001
0.6561000000000001
0.5904900000000002
1.0
0.9
0.81
0.7290000000000001
0.6561000000000001
0.5904900000000002
0.5314410000000002
0.47829690000000014
0.43046721000000016
0.38742048900000015
0.34867844010000015
0.31381059609000017
0.28242953648100017
0.25418658283290013
0.22876792454961012
0.2058911320946491
0.1853020188851842
0.16677181699666577
0.1500946352969992
0.13508517176729928
0.12157665459056936
0.10941898913151243
0.0984770902183612
0.08862938119652508
1.0
0.9
0.81
0.7290000000000001
0.6561000000000001
0.5904900000000002
0.5314410000000002
0.47829690000000014
0.43046721000000016
0.38742048900000015
0.34867844010000015
0.31381059609000017
0.28242953648100017
0.25418658283290013
0.22876792454961012
0.2058911320946491
0.1853020188851842
0.16677181699666577
0.1500946352969992
0.13508517176729928
0.12157665459056936
0.10941898913151243
0.0984770902183612
0.08862938119652508
0.07976644307687257
1.0
0.9
0.81
0.7290000000000001
0.6561000000000001
0.5904900000000002
0.5314410000000002
0.47829690000000014
0.43046721000000016
0.38742048900000015
0.34867844010000015
0.31381059609000017
0.28242953648100017
0.25418658283290013
0.22876792454961012
0.2058911320946491
0.1853020188851842
0.16677181699666577
0.1500946352969992
0.13508517176729928
0.12157665459056936
0.10941898913151243
0.0984770902183612
0.08862938119652508
0.07976644307687257
0.07178979876918531
0.06461081889226679
0.05814973700304011
0.0523347633027361
0.04710128697246249
0.042391158275216244
0.03815204244769462
0.03433683820292516
0.030903154382632643
0.02781283894436938
0.025031555049932444
0.0225283995449392
0.020275559590445278
0.01824800363140075
0.016423203268260675
0.014780882941434608
0.013302794647291147
0.011972515182562033
0.01077526366430583
0.009697737297875247
0.008727963568087723
0.00785516721127895
0.007069650490151055
0.00636268544113595
0.005726416897022355
0.00515377520732012
0.004638397686588107
0.0041745579179292966
0.003757102126136367
0.00338139191352273
0.0030432527221704573
0.0027389274499534117
0.0024650347049580707
0.0022185312344622636
0.001996678111016037
0.0017970102999144335
0.0016173092699229901
0.0014555783429306911
0.001310020508637622
0.0011790184577738598
0.0010611166119964739
9.550049507968265E-4
8.595044557171439E-4
7.735540101454295E-4
1.0
0.9
0.81
0.7290000000000001
0.6561000000000001
0.5904900000000002
0.5314410000000002
0.47829690000000014
0.43046721000000016
0.38742048900000015
0.34867844010000015
0.31381059609000017
0.28242953648100017
0.25418658283290013
0.22876792454961012
0.2058911320946491
0.1853020188851842
0.16677181699666577
0.1500946352969992
0.13508517176729928
0.12157665459056936
0.10941898913151243
0.0984770902183612
0.08862938119652508
0.07976644307687257
0.07178979876918531
0.06461081889226679
0.05814973700304011
0.0523347633027361
0.04710128697246249
0.042391158275216244
0.03815204244769462
0.03433683820292516
0.030903154382632643
0.02781283894436938
0.025031555049932444
0.0225283995449392
0.020275559590445278
0.01824800363140075
0.016423203268260675
0.014780882941434608
0.013302794647291147
0.011972515182562033
0.01077526366430583
0.009697737297875247
0.008727963568087723
0.00785516721127895
0.007069650490151055
0.00636268544113595
0.005726416897022355
0.00515377520732012
0.004638397686588107
0.0041745579179292966
0.003757102126136367
0.00338139191352273
0.0030432527221704573
0.0027389274499534117
0.0024650347049580707
0.0022185312344622636
0.001996678111016037
0.0017970102999144335
0.0016173092699229901
0.0014555783429306911
0.001310020508637622
0.0011790184577738598
0.0010611166119964739
9.550049507968265E-4
8.595044557171439E-4
7.735540101454295E-4
6.961986091308866E-4
6.265787482177979E-4
5.639208733960181E-4
5.075287860564164E-4
4.5677590745077476E-4
4.110983167056973E-4
3.699884850351276E-4
3.3298963653161486E-4
2.996906728784534E-4
2.6972160559060804E-4
2.4274944503154723E-4
2.1847450052839252E-4
1.9662705047555326E-4
1.7696434542799794E-4
1.5926791088519815E-4
1.4334111979667834E-4
1.2900700781701051E-4
1.1610630703530947E-4
1.0449567633177853E-4
9.404610869860067E-5
8.464149782874061E-5
7.617734804586655E-5
6.85596132412799E-5
6.170365191715192E-5
5.5533286725436733E-5
4.997995805289306E-5
4.4981962247603756E-5
4.048376602284338E-5
3.6435389420559045E-5
3.279185047850314E-5
2.9512665430652825E-5
2.6561398887587544E-5
2.390525899882879E-5
2.1514733098945913E-5
1.9363259789051322E-5
1.742693381014619E-5
1.5684240429131574E-5
1.4115816386218418E-5
1.2704234747596576E-5
1.1433811272836918E-5
1.0290430145553226E-5
9.261387130997904E-6
8.335248417898115E-6
7.501723576108304E-6
6.751551218497473E-6
6.076396096647726E-6
5.468756486982954E-6
4.9218808382846585E-6
4.429692754456193E-6
3.986723479010574E-6
3.5880511311095166E-6
3.229246017998565E-6
2.9063214161987086E-6
2.615689274578838E-6
2.354120347120954E-6
2.118708312408859E-6
1.906837481167973E-6
1.7161537330511758E-6
1.5445383597460583E-6
1.3900845237714525E-6
1.2510760713943073E-6
1.1259684642548765E-6
1.0133716178293888E-6
9.1203445604645E-7
8.20831010441805E-7
7.387479093976244E-7
6.64873118457862E-7
5.983858066120759E-7
5.385472259508683E-7
4.846925033557815E-7
4.3622325302020334E-7
3.92600927718183E-7
3.5334083494636473E-7
3.180067514517283E-7
2.8620607630655544E-7
2.575854686758999E-7
2.318269218083099E-7
2.086442296274789E-7
1.87779806664731E-7
1.6900182599825792E-7
1.5210164339843212E-7
1.3689147905858892E-7
1.2320233115273002E-7
1.1088209803745703E-7
9.979388823371132E-8
8.98144994103402E-8
8.083304946930617E-8
7.274974452237555E-8
6.5474770070138E-8
5.8927293063124204E-8
5.303456375681178E-8
4.7731107381130604E-8
4.295799664301754E-8
3.866219697871579E-8
3.479597728084421E-8
3.131637955275979E-8
2.8184741597483813E-8
2.5366267437735433E-8
2.282964069396189E-8
2.05466766245657E-8
1.849200896210913E-8
1.6642808065898218E-8
1.4978527259308396E-8
1.3480674533377557E-8
1.2132607080039802E-8
1.0919346372035822E-8
9.82741173483224E-9
8.844670561349016E-9
7.960203505214115E-9
7.164183154692703E-9
1.0
0.9
0.81
0.7290000000000001
0.6561000000000001
0.5904900000000002
0.5314410000000002
0.47829690000000014
0.43046721000000016
0.38742048900000015
0.34867844010000015
0.31381059609000017
0.28242953648100017
0.25418658283290013
0.22876792454961012
0.2058911320946491
0.1853020188851842
0.16677181699666577
0.1500946352969992
0.13508517176729928
0.12157665459056936
